250.0
320.0
390.0
820.0
380.0
200.0
470.0
410.0
310.0
280.0
260.0
360.0
250.0
330.0
110.0
500.0
60.0
390.0
320.0
260.0
510.0
220.0
190.0
920.0
250.0
250.0
880.0
190.0
470.0
240.0
200.0
780.0
380.0
250.0
250.0
440.0
290.0
130.0
200.0
260.0
510.0
830.0
360.0
320.0
320.0
320.0
520.0
130.0
250.0
410.0
190.0
920.0
270.0
680.0
360.0
330.0
300.0
280.0
300.0
200.0
310.0
110.0
470.0
500.0
890.0
990.0
440.0
690.0
370.0
280.0
480.0
300.0
180.0
150.0
290.0
390.0
190.0
380.0
180.0
140.0
800.0
310.0
310.0
310.0
860.0
200.0
200.0
300.0
330.0
320.0
230.0
310.0
210.0
230.0
210.0
280.0
430.0
250.0
190.0
620.0
120.0
350.0
490.0
230.0
80.0
470.0
470.0
410.0
240.0
260.0
510.0
520.0
220.0
250.0
250.0
250.0
180.0
250.0
440.0
260.0
470.0
340.0
180.0
240.0
800.0
1640.0
330.0
660.0
490.0
1650.0
840.0
190.0
190.0
210.0
470.0
310.0
300.0
270.0
240.0
380.0
180.0
280.0
240.0
170.0
780.0
390.0
470.0
310.0
280.0
200.0
240.0
240.0
880.0
250.0
310.0
210.0
510.0
790.0
220.0
420.0
270.0
430.0
260.0
300.0
250.0
270.0
300.0
410.0
310.0
460.0
1820.0
370.0
420.0
300.0
260.0
460.0
70.0
250.0
550.0
540.0
180.0
160.0
240.0
140.0
240.0
160.0
900.0
210.0
450.0
240.0
320.0
250.0
1650.0
240.0
130.0
600.0
250.0
350.0
420.0
230.0
240.0
370.0
360.0
250.0
210.0
270.0
230.0
270.0
390.0
270.0
420.0
400.0
200.0
220.0
210.0
240.0
300.0
880.0
230.0
220.0
270.0
300.0
370.0
240.0
350.0
310.0
380.0
360.0
320.0
250.0
660.0
420.0
240.0
70.0
360.0
310.0
430.0
250.0
90.0
980.0
370.0
420.0
440.0
380.0
310.0
390.0
230.0
310.0
310.0
360.0
320.0
190.0
510.0
210.0
240.0
250.0
150.0
250.0
320.0
450.0
320.0
290.0
290.0
280.0
510.0
160.0
210.0
740.0
370.0
360.0
600.0
950.0
410.0
450.0
450.0
440.0
460.0
280.0
320.0
280.0
340.0
590.0
320.0
400.0
930.0
210.0
880.0
460.0
550.0
320.0
560.0
450.0
370.0
370.0
370.0
370.0
300.0
600.0
180.0
320.0
190.0
500.0
510.0
500.0
1010.0
280.0
970.0
460.0
550.0
200.0
200.0
210.0
520.0
190.0
250.0
380.0
300.0
180.0
270.0
290.0
330.0
190.0
240.0
260.0
230.0
310.0
180.0
190.0
550.0
290.0
500.0
620.0
1040.0
580.0
350.0
500.0
540.0
590.0
590.0
610.0
490.0
990.0
880.0
280.0
320.0
350.0
240.0
400.0
360.0
380.0
490.0
620.0
700.0
420.0
120.0
360.0
420.0
600.0
340.0
320.0
400.0
160.0
210.0
850.0
160.0
310.0
380.0
290.0
570.0
160.0
560.0
350.0
240.0
330.0
600.0
330.0
300.0
250.0
220.0
280.0
250.0
360.0
280.0
240.0
250.0
200.0
410.0
160.0
390.0
230.0
330.0
260.0
240.0
240.0
480.0
910.0
270.0
350.0
240.0
160.0
180.0
340.0
630.0
220.0
360.0
240.0
250.0
660.0
500.0
860.0
440.0
450.0
410.0
450.0
440.0
460.0
870.0
330.0
540.0
320.0
390.0
240.0
250.0
340.0
390.0
370.0
210.0
180.0
160.0
330.0
230.0
320.0
370.0
250.0
230.0
370.0
190.0
490.0
230.0
430.0
370.0
270.0
230.0
290.0
290.0
240.0
330.0
520.0
420.0
450.0
270.0
270.0
210.0
470.0
390.0
230.0
160.0
510.0
270.0
590.0
310.0
400.0
440.0
390.0
360.0
310.0
290.0
290.0
240.0
240.0
500.0
270.0
290.0
270.0
510.0
220.0
560.0
380.0
220.0
440.0
260.0
310.0
240.0
210.0
170.0
220.0
500.0
280.0
410.0
210.0
670.0
650.0
620.0
240.0
280.0
190.0
150.0
320.0
360.0
860.0
830.0
360.0
470.0
530.0
370.0
270.0
130.0
170.0
420.0
220.0
350.0
480.0
340.0
570.0
460.0
220.0
390.0
230.0
380.0
250.0
440.0
580.0
220.0
420.0
1180.0
370.0
450.0
280.0
480.0
300.0
370.0
510.0
320.0
290.0
260.0
190.0
390.0
330.0
160.0
250.0
240.0
200.0
460.0
380.0
150.0
140.0
280.0
210.0
240.0
290.0
520.0
450.0
370.0
300.0
350.0
220.0
240.0
380.0
310.0
180.0
280.0
320.0
240.0
290.0
240.0
310.0
370.0
420.0
860.0
180.0
270.0
260.0
270.0
190.0
300.0
240.0
210.0
380.0
260.0
320.0
670.0
220.0
350.0
230.0
340.0
290.0
290.0
360.0
340.0
260.0
220.0
360.0
470.0
410.0
260.0
250.0
460.0
440.0
590.0
430.0
620.0
430.0
310.0
310.0
280.0
270.0
270.0
920.0
510.0
350.0
270.0
420.0
460.0
360.0
280.0
290.0
450.0
1690.0
280.0
410.0
270.0
280.0
200.0
450.0
340.0
480.0
330.0
270.0
1120.0
950.0
210.0
440.0
370.0
940.0
920.0
210.0
480.0
410.0
400.0
320.0
420.0
520.0
490.0
490.0
410.0
640.0
410.0
330.0
390.0
300.0
400.0
180.0
260.0
1680.0
970.0
600.0
210.0
700.0
300.0
210.0
430.0
410.0
430.0
220.0
270.0
310.0
370.0
920.0
850.0
550.0
620.0
350.0
3420.0
620.0
480.0
450.0
790.0
380.0
180.0
410.0
270.0
300.0
230.0
260.0
310.0
240.0
230.0
400.0
280.0
310.0
220.0
230.0
240.0
200.0
220.0
810.0
260.0
360.0
960.0
220.0
570.0
300.0
290.0
240.0
320.0
450.0
370.0
450.0
270.0
300.0
580.0
170.0
230.0
210.0
210.0
360.0
320.0
300.0
230.0
320.0
560.0
200.0
270.0
390.0
360.0
290.0
310.0
300.0
520.0
290.0
450.0
280.0
920.0
920.0
270.0
370.0
530.0
950.0
360.0
340.0
440.0
830.0
250.0
160.0
480.0
450.0
280.0
320.0
270.0
300.0
300.0
390.0
510.0
200.0
270.0
300.0
310.0
370.0
460.0
320.0
610.0
350.0
410.0
380.0
430.0
340.0
390.0
260.0
320.0
260.0
320.0
350.0
280.0
220.0
230.0
170.0
180.0
270.0
290.0
270.0
440.0
370.0
220.0
960.0
390.0
450.0
1740.0
640.0
490.0
400.0
280.0
330.0
260.0
220.0
260.0
250.0
230.0
280.0
320.0
340.0
260.0
390.0
990.0
430.0
350.0
510.0
580.0
260.0
350.0
330.0
310.0
260.0
360.0
280.0
240.0
260.0
540.0
170.0
120.0
680.0
140.0
260.0
300.0
260.0
670.0
330.0
260.0
980.0
430.0
360.0
250.0
350.0
210.0
390.0
490.0
310.0
440.0
560.0
710.0
530.0
390.0
390.0
650.0
610.0
450.0
360.0
530.0
270.0
340.0
250.0
440.0
210.0
520.0
250.0
70.0
710.0
330.0
340.0
890.0
380.0
460.0
220.0
480.0
520.0
370.0
390.0
310.0
350.0
380.0
850.0
170.0
190.0
250.0
780.0
440.0
180.0
170.0
280.0
240.0
840.0
200.0
250.0
190.0
250.0
410.0
370.0
250.0
230.0
320.0
940.0
400.0
730.0
250.0
520.0
600.0
290.0
440.0
460.0
430.0
440.0
270.0
470.0
270.0
320.0
240.0
320.0
270.0
280.0
250.0
290.0
290.0
300.0
340.0
210.0
230.0
530.0
510.0
480.0
320.0
340.0
270.0
320.0
290.0
290.0
500.0
270.0
340.0
320.0
610.0
570.0
260.0
200.0
130.0
470.0
470.0
860.0
320.0
450.0
240.0
520.0
70.0
440.0
70.0
370.0
370.0
370.0
370.0
370.0
370.0
370.0
370.0
370.0
370.0
370.0
370.0
370.0
210.0
500.0
120.0
400.0
390.0
240.0
280.0
580.0
440.0
460.0
1130.0
300.0
230.0
300.0
360.0
350.0
270.0
500.0
410.0
270.0
260.0
300.0
230.0
300.0
310.0
270.0
460.0
290.0
380.0
380.0
590.0
330.0
290.0
300.0
1010.0
350.0
340.0
870.0
430.0
280.0
300.0
330.0
250.0
590.0
230.0
440.0
70.0
70.0
60.0
150.0
290.0
470.0
210.0
200.0
360.0
350.0
340.0
230.0
770.0
310.0
250.0
390.0
470.0
230.0
470.0
480.0
260.0
400.0
480.0
220.0
860.0
370.0
420.0
370.0
590.0
370.0
210.0
390.0
370.0
230.0
460.0
470.0
700.0
270.0
290.0
430.0
400.0
300.0
390.0
580.0
230.0
330.0
330.0
240.0
290.0
240.0
1110.0
330.0
290.0
300.0
570.0
510.0
290.0
320.0
330.0
320.0
240.0
290.0
280.0
300.0
190.0
300.0
400.0
240.0
380.0
210.0
320.0
490.0
290.0
350.0
230.0
340.0
280.0
280.0
700.0
850.0
450.0
270.0
500.0
260.0
440.0
290.0
260.0
400.0
260.0
330.0
340.0
590.0
330.0
370.0
220.0
500.0
360.0
260.0
240.0
290.0
370.0
510.0
210.0
180.0
150.0
300.0
330.0
270.0
300.0
430.0
380.0
260.0
230.0
550.0
510.0
260.0
420.0
290.0
310.0
260.0
470.0
490.0
710.0
520.0
210.0
1740.0
450.0
1640.0
310.0
230.0
200.0
130.0
70.0
70.0
210.0
210.0
210.0
270.0
180.0
310.0
320.0
610.0
490.0
220.0
350.0
500.0
120.0
240.0
240.0
220.0
200.0
190.0
240.0
440.0
300.0
240.0
560.0
310.0
530.0
920.0
290.0
280.0
340.0
310.0
280.0
190.0
290.0
170.0
230.0
330.0
270.0
270.0
300.0
450.0
110.0
330.0
280.0
300.0
300.0
270.0
300.0
310.0
270.0
490.0
420.0
300.0
360.0
500.0
240.0
390.0
570.0
120.0
80.0
400.0
330.0
260.0
340.0
280.0
340.0
1710.0
410.0
880.0
330.0
410.0
280.0
170.0
270.0
230.0
310.0
160.0
270.0
360.0
610.0
560.0
430.0
220.0
510.0
480.0
500.0
430.0
450.0
370.0
550.0
320.0
240.0
260.0
270.0
260.0
430.0
1010.0
1040.0
440.0
340.0
590.0
710.0
320.0
850.0
240.0
300.0
190.0
480.0
420.0
450.0
480.0
380.0
320.0
310.0
420.0
430.0
260.0
620.0
420.0
550.0
240.0
200.0
220.0
320.0
220.0
140.0
100.0
230.0
200.0
940.0
110.0
190.0
350.0
220.0
280.0
230.0
290.0
290.0
330.0
930.0
170.0
210.0
310.0
230.0
310.0
350.0
170.0
190.0
190.0
300.0
430.0
280.0
390.0
230.0
330.0
270.0
340.0
250.0
240.0
300.0
250.0
240.0
860.0
970.0
350.0
580.0
180.0
320.0
270.0
250.0
180.0
280.0
220.0
220.0
230.0
260.0
620.0
280.0
300.0
530.0
620.0
270.0
370.0
1670.0
160.0
310.0
180.0
580.0
620.0
300.0
160.0
250.0
240.0
230.0
290.0
510.0
160.0
370.0
270.0
240.0
280.0
270.0
250.0
310.0
330.0
720.0
500.0
250.0
950.0
440.0
220.0
260.0
260.0
300.0
240.0
370.0
180.0
470.0
860.0
580.0
850.0
530.0
250.0
240.0
210.0
320.0
640.0
240.0
310.0
250.0
340.0
490.0
330.0
310.0
490.0
660.0
370.0
460.0
300.0
410.0
200.0
250.0
1690.0
240.0
260.0
260.0
420.0
330.0
290.0
310.0
570.0
450.0
500.0
820.0
350.0
370.0
450.0
330.0
300.0
330.0
700.0
370.0
410.0
160.0
250.0
250.0
370.0
240.0
500.0
460.0
420.0
610.0
450.0
420.0
450.0
580.0
610.0
320.0
280.0
290.0
280.0
230.0
240.0
310.0
220.0
540.0
430.0
450.0
920.0
680.0
180.0
320.0
360.0
380.0
250.0
280.0
200.0
250.0
370.0
350.0
350.0
250.0
350.0
220.0
340.0
230.0
210.0
540.0
290.0
270.0
920.0
560.0
340.0
240.0
970.0
900.0
240.0
260.0
840.0
440.0
540.0
260.0
280.0
320.0
250.0
300.0
330.0
440.0
310.0
330.0
330.0
280.0
980.0
460.0
560.0
260.0
350.0
480.0
220.0
420.0
860.0
510.0
500.0
650.0
120.0
410.0
210.0
220.0
720.0
230.0
370.0
1850.0
300.0
310.0
560.0
400.0
320.0
520.0
310.0
290.0
490.0
310.0
380.0
350.0
290.0
420.0
480.0
190.0
620.0
230.0
340.0
260.0
430.0
580.0
320.0
410.0
720.0
530.0
530.0
490.0
500.0
580.0
400.0
490.0
680.0
510.0
400.0
690.0
430.0
480.0
160.0
230.0
260.0
250.0
350.0
390.0
320.0
270.0
270.0
300.0
370.0
270.0
270.0
370.0
330.0
340.0
330.0
350.0
320.0
350.0
320.0
440.0
350.0
420.0
330.0
330.0
290.0
260.0
290.0
290.0
420.0
510.0
360.0
330.0
500.0
910.0
470.0
350.0
220.0
290.0
170.0
210.0
370.0
400.0
210.0
180.0
360.0
580.0
280.0
270.0
410.0
420.0
840.0
360.0
180.0
300.0
190.0
270.0
300.0
1070.0
380.0
520.0
330.0
320.0
640.0
450.0
430.0
660.0
400.0
290.0
370.0
360.0
390.0
250.0
370.0
240.0
310.0
260.0
270.0
200.0
360.0
530.0
260.0
300.0
230.0
210.0
350.0
420.0
140.0
340.0
210.0
480.0
220.0
870.0
200.0
340.0
340.0
180.0
180.0
130.0
260.0
230.0
230.0
310.0
330.0
240.0
630.0
320.0
410.0
410.0
240.0
410.0
210.0
370.0
320.0
110.0
230.0
490.0
280.0
450.0
180.0
490.0
240.0
240.0
440.0
140.0
120.0
260.0
1660.0
180.0
180.0
250.0
250.0
110.0
450.0
320.0
320.0
860.0
430.0
500.0
530.0
390.0
210.0
320.0
860.0
130.0
240.0
250.0
350.0
270.0
300.0
520.0
460.0
670.0
580.0
370.0
880.0
380.0
550.0
280.0
1060.0
250.0
460.0
160.0
240.0
350.0
590.0
650.0
230.0
240.0
190.0
400.0
340.0
500.0
460.0
350.0
340.0
290.0
540.0
290.0
270.0
620.0
440.0
220.0
320.0
490.0
380.0
300.0
340.0
430.0
440.0
220.0
300.0
470.0
200.0
490.0
260.0
460.0
320.0
260.0
340.0
300.0
270.0
410.0
520.0
330.0
280.0
230.0
180.0
470.0
500.0
430.0
220.0
1640.0
500.0
480.0
310.0
330.0
360.0
900.0
240.0
260.0
270.0
330.0
320.0
190.0
290.0
270.0
510.0
410.0
500.0
120.0
500.0
510.0
530.0
280.0
340.0
200.0
370.0
240.0
510.0
190.0
410.0
220.0
540.0
240.0
720.0
430.0
520.0
440.0
700.0
590.0
580.0
570.0
590.0
690.0
470.0
830.0
470.0
610.0
410.0
540.0
730.0
360.0
450.0
960.0
370.0
350.0
360.0
1090.0
830.0
430.0
590.0
430.0
1690.0
300.0
520.0
450.0
1210.0
920.0
530.0
390.0
350.0
270.0
230.0
250.0
280.0
180.0
500.0
310.0
880.0
290.0
860.0
400.0
260.0
510.0
320.0
310.0
310.0
540.0
320.0
240.0
510.0
560.0
690.0
600.0
210.0
340.0
470.0
260.0
240.0
580.0
250.0
370.0
290.0
350.0
310.0
830.0
250.0
160.0
240.0
300.0
530.0
280.0
330.0
320.0
300.0
130.0
420.0
320.0
550.0
280.0
520.0
500.0
370.0
290.0
440.0
380.0
250.0
310.0
940.0
350.0
260.0
340.0
210.0
960.0
330.0
390.0
350.0
1050.0
190.0
540.0
330.0
830.0
310.0
640.0
450.0
570.0
500.0
410.0
620.0
450.0
1750.0
120.0
310.0
260.0
170.0
240.0
230.0
910.0
700.0
300.0
150.0
290.0
680.0
390.0
230.0
230.0
3410.0
450.0
330.0
190.0
250.0
320.0
320.0
380.0
350.0
610.0
310.0
230.0
330.0
210.0
500.0
550.0
530.0
230.0
580.0
380.0
410.0
940.0
340.0
350.0
470.0
450.0
310.0
260.0
350.0
470.0
210.0
380.0
320.0
1080.0
670.0
260.0
590.0
390.0
270.0
960.0
550.0
250.0
280.0
480.0
300.0
310.0
890.0
310.0
310.0
270.0
440.0
530.0
560.0
560.0
510.0
700.0
250.0
320.0
580.0
480.0
540.0
500.0
190.0
350.0
350.0
290.0
310.0
410.0
530.0
430.0
590.0
640.0
450.0
380.0
280.0
300.0
480.0
330.0
260.0
300.0
330.0
540.0
230.0
220.0
190.0
250.0
270.0
260.0
440.0
240.0
300.0
200.0
300.0
350.0
220.0
320.0
360.0
210.0
280.0
670.0
280.0
390.0
220.0
370.0
260.0
240.0
420.0
200.0
520.0
240.0
1050.0
400.0
550.0
960.0
340.0
980.0
210.0
400.0
330.0
380.0
450.0
550.0
680.0
560.0
400.0
400.0
450.0
210.0
350.0
920.0
1070.0
870.0
480.0
420.0
1240.0
360.0
400.0
560.0
360.0
340.0
400.0
240.0
410.0
250.0
530.0
350.0
520.0
330.0
340.0
280.0
410.0
280.0
210.0
250.0
280.0
260.0
190.0
190.0
270.0
260.0
360.0
450.0
340.0
260.0
420.0
470.0
320.0
260.0
480.0
390.0
300.0
510.0
340.0
420.0
600.0
480.0
500.0
220.0
310.0
320.0
340.0
350.0
260.0
350.0
400.0
570.0
1030.0
290.0
320.0
240.0
400.0
370.0
510.0
360.0
550.0
270.0
230.0
470.0
510.0
330.0
930.0
330.0
510.0
500.0
230.0
280.0
790.0
550.0
330.0
410.0
480.0
460.0
400.0
380.0
260.0
260.0
640.0
90.0
440.0
400.0
320.0
240.0
160.0
490.0
480.0
540.0
820.0
140.0
590.0
310.0
550.0
290.0
280.0
380.0
900.0
100.0
210.0
360.0
580.0
470.0
1700.0
470.0
430.0
300.0
370.0
480.0
380.0
320.0
400.0
330.0
290.0
410.0
350.0
490.0
610.0
870.0
440.0
190.0
1010.0
290.0
320.0
500.0
370.0
360.0
260.0
570.0
200.0
270.0
340.0
240.0
330.0
510.0
320.0
240.0
350.0
400.0
330.0
310.0
270.0
440.0
290.0
390.0
300.0
260.0
260.0
340.0
280.0
350.0
420.0
260.0
260.0
310.0
300.0
1620.0
510.0
190.0
550.0
520.0
350.0
410.0
260.0
520.0
270.0
570.0
440.0
330.0
910.0
230.0
470.0
240.0
220.0
330.0
330.0
230.0
370.0
280.0
940.0
520.0
370.0
520.0
890.0
270.0
580.0
430.0
210.0
950.0
340.0
270.0
230.0
440.0
510.0
830.0
420.0
230.0
350.0
240.0
200.0
190.0
340.0
520.0
200.0
210.0
270.0
370.0
250.0
290.0
180.0
430.0
520.0
250.0
210.0
950.0
260.0
450.0
420.0
220.0
240.0
300.0
340.0
290.0
470.0
550.0
1090.0
240.0
350.0
260.0
850.0
270.0
260.0
300.0
270.0
410.0
490.0
370.0
670.0
560.0
200.0
500.0
470.0
360.0
270.0
370.0
1740.0
610.0
410.0
250.0
220.0
320.0
420.0
370.0
380.0
970.0
260.0
260.0
530.0
300.0
280.0
290.0
340.0
480.0
310.0
200.0
300.0
350.0
310.0
260.0
350.0
310.0
580.0
500.0
260.0
370.0
310.0
530.0
270.0
240.0
330.0
210.0
370.0
300.0
660.0
350.0
250.0
270.0
310.0
390.0
320.0
600.0
310.0
240.0
330.0
220.0
350.0
420.0
320.0
310.0
460.0
380.0
420.0
280.0
290.0
250.0
410.0
480.0
230.0
240.0
230.0
460.0
260.0
300.0
290.0
810.0
450.0
910.0
650.0
440.0
490.0
400.0
500.0
390.0
540.0
490.0
280.0
620.0
450.0
360.0
280.0
640.0
370.0
320.0
720.0
380.0
150.0
300.0
360.0
310.0
530.0
360.0
540.0
850.0
450.0
220.0
250.0
320.0
190.0
300.0
320.0
320.0
280.0
980.0
350.0
520.0
290.0
260.0
260.0
280.0
300.0
270.0
230.0
490.0
530.0
290.0
430.0
550.0
200.0
300.0
360.0
490.0
270.0
470.0
340.0
510.0
210.0
340.0
480.0
420.0
490.0
270.0
270.0
270.0
220.0
880.0
500.0
890.0
340.0
200.0
400.0
340.0
290.0
210.0
480.0
300.0
430.0
500.0
510.0
920.0
290.0
210.0
230.0
290.0
270.0
490.0
1710.0
380.0
410.0
270.0
510.0
1030.0
280.0
920.0
370.0
230.0
290.0
210.0
250.0
230.0
280.0
200.0
340.0
260.0
250.0
220.0
530.0
380.0
280.0
360.0
250.0
350.0
280.0
240.0
300.0
500.0
230.0
190.0
290.0
230.0
300.0
180.0
420.0
270.0
190.0
250.0
330.0
340.0
270.0
210.0
420.0
330.0
360.0
310.0
420.0
970.0
210.0
700.0
680.0
590.0
320.0
230.0
280.0
400.0
530.0
320.0
310.0
430.0
470.0
530.0
430.0
460.0
460.0
310.0
1080.0
1660.0
820.0
330.0
330.0
420.0
320.0
290.0
990.0
350.0
180.0
190.0
530.0
330.0
380.0
270.0
270.0
240.0
250.0
220.0
390.0
250.0
380.0
270.0
500.0
280.0
200.0
410.0
320.0
610.0
370.0
190.0
200.0
300.0
450.0
150.0
190.0
270.0
410.0
360.0
330.0
200.0
330.0
320.0
400.0
460.0
270.0
380.0
300.0
320.0
310.0
530.0
510.0
330.0
420.0
320.0
340.0
310.0
350.0
420.0
990.0
250.0
290.0
330.0
350.0
290.0
490.0
520.0
370.0
310.0
460.0
130.0
300.0
260.0
340.0
290.0
360.0
160.0
250.0
310.0
270.0
220.0
200.0
260.0
440.0
770.0
570.0
370.0
290.0
1180.0
200.0
290.0
210.0
300.0
250.0
290.0
260.0
370.0
290.0
300.0
600.0
250.0
940.0
170.0
350.0
270.0
310.0
280.0
280.0
210.0
390.0
350.0
320.0
330.0
260.0
270.0
380.0
240.0
280.0
930.0
220.0
700.0
380.0
390.0
410.0
350.0
250.0
210.0
240.0
280.0
330.0
1070.0
290.0
360.0
370.0
200.0
250.0
440.0
900.0
310.0
280.0
150.0
1620.0
280.0
260.0
480.0
340.0
280.0
320.0
240.0
280.0
240.0
260.0
570.0
270.0
250.0
310.0
440.0
670.0
690.0
320.0
340.0
370.0
240.0
600.0
740.0
360.0
400.0
370.0
410.0
330.0
260.0
170.0
290.0
240.0
200.0
200.0
240.0
310.0
320.0
260.0
370.0
300.0
240.0
340.0
280.0
880.0
270.0
230.0
600.0
480.0
170.0
290.0
330.0
240.0
180.0
480.0
270.0
330.0
520.0
270.0
280.0
210.0
450.0
370.0
310.0
280.0
290.0
270.0
250.0
310.0
240.0
260.0
350.0
220.0
280.0
330.0
240.0
230.0
310.0
270.0
260.0
560.0
280.0
380.0
320.0
340.0
280.0
320.0
400.0
390.0
320.0
860.0
220.0
290.0
520.0
1650.0
150.0
510.0
490.0
550.0
320.0
990.0
260.0
300.0
280.0
260.0
220.0
260.0
170.0
400.0
330.0
210.0
480.0
370.0
300.0
240.0
220.0
510.0
450.0
190.0
190.0
600.0
350.0
540.0
220.0
290.0
280.0
320.0
590.0
240.0
330.0
370.0
220.0
270.0
310.0
350.0
330.0
560.0
290.0
170.0
650.0
270.0
200.0
960.0
380.0
230.0
310.0
290.0
180.0
270.0
240.0
260.0
270.0
280.0
240.0
340.0
250.0
280.0
290.0
340.0
290.0
350.0
340.0
250.0
290.0
260.0
300.0
610.0
340.0
830.0
380.0
230.0
340.0
240.0
340.0
240.0
190.0
340.0
310.0
280.0
220.0
370.0
250.0
460.0
190.0
210.0
340.0
260.0
360.0
390.0
310.0
280.0
200.0
270.0
260.0
470.0
460.0
480.0
310.0
410.0
230.0
390.0
460.0
470.0
350.0
390.0
300.0
350.0
430.0
210.0
310.0
340.0
370.0
300.0
350.0
370.0
710.0
240.0
290.0
500.0
950.0
410.0
300.0
320.0
200.0
420.0
320.0
320.0
1050.0
310.0
720.0
490.0
260.0
290.0
260.0
230.0
290.0
290.0
280.0
290.0
340.0
210.0
290.0
400.0
240.0
240.0
310.0
500.0
220.0
280.0
190.0
260.0
210.0
330.0
280.0
290.0
210.0
490.0
520.0
170.0
160.0
380.0
290.0
240.0
290.0
400.0
300.0
250.0
240.0
330.0
340.0
270.0
470.0
260.0
320.0
500.0
390.0
270.0
360.0
250.0
430.0
890.0
210.0
450.0
410.0
280.0
320.0
280.0
200.0
300.0
240.0
330.0
330.0
240.0
220.0
330.0
280.0
300.0
320.0
310.0
310.0
190.0
320.0
230.0
220.0
230.0
270.0
260.0
170.0
260.0
350.0
240.0
220.0
150.0
300.0
350.0
200.0
430.0
210.0
270.0
400.0
830.0
440.0
260.0
190.0
360.0
320.0
220.0
370.0
410.0
320.0
310.0
250.0
390.0
360.0
270.0
340.0
280.0
500.0
270.0
370.0
140.0
330.0
550.0
210.0
350.0
370.0
320.0
370.0
340.0
390.0
590.0
490.0
520.0
300.0
280.0
340.0
870.0
220.0
250.0
470.0
450.0
470.0
600.0
400.0
920.0
330.0
520.0
240.0
210.0
950.0
670.0
330.0
510.0
330.0
240.0
300.0
920.0
680.0
320.0
210.0
250.0
450.0
420.0
1830.0
310.0
370.0
230.0
250.0
730.0
390.0
820.0
230.0
230.0
650.0
280.0
260.0
350.0
520.0
220.0
1010.0
270.0
960.0
360.0
290.0
380.0
390.0
630.0
270.0
420.0
310.0
280.0
570.0
330.0
300.0
200.0
290.0
310.0
320.0
880.0
300.0
240.0
210.0
310.0
290.0
330.0
240.0
220.0
280.0
220.0
210.0
220.0
310.0
300.0
530.0
270.0
290.0
510.0
260.0
300.0
300.0
290.0
230.0
400.0
260.0
280.0
370.0
410.0
280.0
300.0
210.0
250.0
210.0
290.0
230.0
600.0
300.0
210.0
320.0
240.0
900.0
480.0
380.0
270.0
510.0
360.0
620.0
460.0
250.0
250.0
350.0
490.0
330.0
360.0
620.0
170.0
240.0
240.0
220.0
300.0
160.0
300.0
880.0
200.0
220.0
280.0
150.0
390.0
330.0
250.0
250.0
220.0
530.0
260.0
240.0
230.0
200.0
330.0
230.0
260.0
270.0
480.0
520.0
260.0
370.0
280.0
450.0
310.0
840.0
240.0
250.0
230.0
240.0
250.0
320.0
260.0
280.0
280.0
250.0
520.0
420.0
250.0
640.0
320.0
450.0
310.0
380.0
340.0
220.0
300.0
850.0
750.0
560.0
640.0
430.0
920.0
380.0
590.0
430.0
460.0
330.0
420.0
840.0
630.0
670.0
610.0
360.0
800.0
330.0
260.0
370.0
430.0
400.0
340.0
340.0
660.0
470.0
510.0
340.0
270.0
670.0
330.0
430.0
360.0
380.0
310.0
730.0
400.0
300.0
370.0
430.0
300.0
380.0
230.0
230.0
920.0
430.0
370.0
420.0
230.0
620.0
310.0
350.0
110.0
240.0
610.0
210.0
560.0
240.0
900.0
220.0
500.0
270.0
510.0
270.0
250.0
310.0
300.0
310.0
340.0
350.0
950.0
640.0
640.0
290.0
550.0
540.0
250.0
220.0
260.0
360.0
450.0
380.0
310.0
140.0
540.0
440.0
570.0
450.0
470.0
190.0
490.0
410.0
330.0
510.0
860.0
400.0
640.0
460.0
470.0
680.0
610.0
550.0
390.0
680.0
390.0
660.0
530.0
500.0
480.0
440.0
560.0
480.0
450.0
460.0
590.0
340.0
570.0
270.0
230.0
220.0
210.0
260.0
150.0
530.0
370.0
170.0
150.0
280.0
310.0
280.0
150.0
210.0
360.0
270.0
290.0
310.0
860.0
360.0
320.0
340.0
380.0
230.0
340.0
440.0
230.0
930.0
330.0
390.0
450.0
430.0
340.0
370.0
260.0
340.0
300.0
200.0
370.0
340.0
250.0
280.0
270.0
360.0
250.0
450.0
210.0
420.0
230.0
940.0
250.0
370.0
520.0
450.0
470.0
520.0
200.0
340.0
400.0
330.0
440.0
460.0
980.0
680.0
250.0
310.0
320.0
300.0
300.0
600.0
510.0
290.0
210.0
620.0
310.0
250.0
260.0
330.0
230.0
310.0
200.0
920.0
350.0
320.0
680.0
250.0
360.0
360.0
530.0
350.0
310.0
340.0
300.0
460.0
400.0
310.0
260.0
430.0
330.0
170.0
300.0
290.0
450.0
420.0
330.0
540.0
360.0
370.0
540.0
230.0
940.0
230.0
360.0
360.0
340.0
410.0
330.0
260.0
180.0
310.0
960.0
290.0
230.0
350.0
580.0
410.0
220.0
300.0
220.0
250.0
320.0
150.0
380.0
410.0
420.0
270.0
380.0
310.0
240.0
260.0
260.0
370.0
270.0
730.0
220.0
270.0
300.0
270.0
240.0
520.0
290.0
300.0
230.0
880.0
240.0
860.0
200.0
330.0
300.0
290.0
260.0
280.0
270.0
430.0
270.0
220.0
370.0
260.0
240.0
230.0
460.0
1050.0
300.0
440.0
380.0
450.0
440.0
580.0
340.0
330.0
320.0
550.0
250.0
360.0
220.0
670.0
370.0
290.0
260.0
330.0
1130.0
460.0
250.0
360.0
270.0
340.0
350.0
530.0
900.0
1010.0
90.0
480.0
230.0
490.0
320.0
970.0
220.0
550.0
320.0
280.0
350.0
570.0
260.0
780.0
410.0
340.0
390.0
690.0
1020.0
490.0
380.0
320.0
500.0
530.0
350.0
330.0
550.0
500.0
200.0
700.0
530.0
530.0
610.0
480.0
220.0
540.0
230.0
300.0
290.0
350.0
230.0
460.0
300.0
280.0
470.0
270.0
270.0
300.0
330.0
260.0
280.0
300.0
340.0
690.0
440.0
360.0
480.0
1050.0
530.0
320.0
460.0
300.0
540.0
390.0
650.0
420.0
780.0
500.0
430.0
320.0
1740.0
310.0
420.0
250.0
320.0
370.0
350.0
250.0
260.0
310.0
220.0
320.0
280.0
330.0
380.0
290.0
340.0
330.0
250.0
360.0
440.0
250.0
280.0
220.0
230.0
260.0
1000.0
460.0
410.0
340.0
240.0
310.0
260.0
500.0
370.0
340.0
220.0
320.0
340.0
260.0
290.0
700.0
340.0
500.0
550.0
270.0
310.0
280.0
430.0
290.0
290.0
260.0
180.0
270.0
360.0
230.0
250.0
290.0
190.0
260.0
300.0
320.0
370.0
270.0
200.0
500.0
280.0
400.0
320.0
260.0
360.0
320.0
320.0
170.0
430.0
290.0
210.0
300.0
360.0
300.0
670.0
250.0
360.0
570.0
340.0
550.0
190.0
320.0
790.0
320.0
610.0
200.0
490.0
280.0
560.0
530.0
240.0
300.0
560.0
280.0
280.0
600.0
230.0
270.0
300.0
180.0
390.0
640.0
300.0
340.0
360.0
310.0
380.0
490.0
270.0
700.0
230.0
340.0
870.0
580.0
280.0
290.0
480.0
350.0
220.0
290.0
300.0
340.0
260.0
270.0
540.0
350.0
850.0
430.0
330.0
370.0
250.0
400.0
350.0
250.0
660.0
340.0
320.0
390.0
940.0
230.0
410.0
350.0
270.0
250.0
1000.0
220.0
560.0
650.0
330.0
270.0
370.0
240.0
260.0
220.0
290.0
210.0
490.0
400.0
200.0
260.0
490.0
160.0
1810.0
400.0
160.0
240.0
290.0
400.0
190.0
420.0
300.0
360.0
220.0
210.0
270.0
290.0
240.0
420.0
370.0
320.0
300.0
370.0
560.0
240.0
250.0
250.0
260.0
330.0
370.0
350.0
470.0
290.0
280.0
1790.0
430.0
250.0
380.0
230.0
290.0
320.0
450.0
330.0
260.0
440.0
430.0
340.0
260.0
250.0
640.0
350.0
440.0
260.0
350.0
220.0
540.0
250.0
320.0
390.0
210.0
300.0
270.0
280.0
690.0
290.0
320.0
280.0
380.0
590.0
270.0
300.0
300.0
1290.0
400.0
250.0
290.0
210.0
450.0
270.0
300.0
300.0
640.0
400.0
730.0
300.0
380.0
360.0
320.0
580.0
420.0
430.0
460.0
920.0
360.0
290.0
690.0
240.0
280.0
370.0
310.0
580.0
390.0
460.0
920.0
350.0
430.0
900.0
350.0
300.0
240.0
280.0
150.0
300.0
310.0
910.0
240.0
240.0
280.0
260.0
380.0
250.0
650.0
240.0
230.0
230.0
220.0
290.0
210.0
350.0
560.0
500.0
290.0
330.0
280.0
330.0
590.0
500.0
270.0
510.0
570.0
450.0
530.0
220.0
390.0
1240.0
280.0
360.0
220.0
250.0
880.0
200.0
330.0
340.0
350.0
190.0
1010.0
240.0
460.0
300.0
250.0
430.0
1800.0
370.0
420.0
210.0
310.0
270.0
210.0
500.0
260.0
210.0
1040.0
370.0
590.0
260.0
320.0
310.0
470.0
350.0
320.0
620.0
210.0
250.0
280.0
370.0
260.0
370.0
340.0
260.0
360.0
460.0
310.0
250.0
350.0
280.0
920.0
470.0
240.0
280.0
550.0
550.0
400.0
670.0
510.0
230.0
930.0
1120.0
480.0
430.0
630.0
510.0
750.0
710.0
440.0
260.0
600.0
440.0
440.0
290.0
560.0
300.0
230.0
290.0
270.0
320.0
350.0
260.0
260.0
500.0
250.0
280.0
310.0
630.0
340.0
350.0
470.0
280.0
240.0
340.0
950.0
500.0
350.0
250.0
340.0
1630.0
350.0
580.0
290.0
570.0
440.0
400.0
360.0
480.0
910.0
390.0
360.0
400.0
440.0
580.0
240.0
570.0
400.0
500.0
300.0
380.0
460.0
350.0
300.0
470.0
450.0
590.0
470.0
550.0
540.0
400.0
370.0
600.0
2000.0
390.0
370.0
540.0
300.0
510.0
680.0
600.0
440.0
460.0
480.0
680.0
970.0
870.0
460.0
520.0
590.0
390.0
640.0
230.0
380.0
360.0
150.0
530.0
280.0
260.0
430.0
670.0
310.0
210.0
210.0
350.0
190.0
390.0
320.0
550.0
630.0
350.0
330.0
370.0
430.0
390.0
220.0
210.0
240.0
360.0
340.0
260.0
160.0
280.0
320.0
250.0
330.0
610.0
530.0
550.0
260.0
360.0
500.0
660.0
460.0
260.0
410.0
300.0
160.0
450.0
490.0
300.0
420.0
290.0
290.0
210.0
260.0
500.0
510.0
370.0
350.0
480.0
270.0
300.0
250.0
310.0
210.0
270.0
270.0
470.0
290.0
200.0
580.0
290.0
320.0
370.0
250.0
330.0
270.0
330.0
520.0
450.0
240.0
240.0
310.0
250.0
540.0
280.0
280.0
410.0
270.0
270.0
350.0
200.0
240.0
190.0
320.0
390.0
540.0
230.0
210.0
260.0
170.0
210.0
240.0
260.0
260.0
240.0
390.0
580.0
460.0
280.0
250.0
890.0
500.0
950.0
250.0
350.0
960.0
460.0
460.0
640.0
510.0
930.0
330.0
260.0
200.0
380.0
300.0
350.0
280.0
960.0
320.0
310.0
170.0
250.0
280.0
250.0
380.0
250.0
260.0
260.0
190.0
560.0
530.0
430.0
210.0
1110.0
190.0
440.0
210.0
450.0
440.0
290.0
650.0
240.0
250.0
580.0
140.0
360.0
280.0
280.0
200.0
420.0
340.0
340.0
250.0
230.0
490.0
340.0
220.0
280.0
200.0
300.0
460.0
460.0
250.0
480.0
300.0
270.0
130.0
140.0
360.0
240.0
420.0
250.0
350.0
240.0
360.0
300.0
340.0
370.0
230.0
300.0
290.0
340.0
350.0
310.0
370.0
300.0
330.0
230.0
280.0
360.0
410.0
230.0
400.0
300.0
270.0
650.0
220.0
200.0
220.0
420.0
330.0
130.0
290.0
270.0
220.0
470.0
370.0
260.0
250.0
280.0
210.0
280.0
230.0
210.0
330.0
240.0
410.0
260.0
290.0
250.0
370.0
170.0
220.0
230.0
230.0
260.0
340.0
260.0
230.0
290.0
160.0
280.0
430.0
910.0
800.0
300.0
520.0
350.0
270.0
690.0
320.0
320.0
430.0
500.0
300.0
300.0
430.0
290.0
250.0
250.0
330.0
300.0
290.0
240.0
670.0
330.0
480.0
260.0
650.0
210.0
1760.0
370.0
310.0
650.0
300.0
530.0
300.0
190.0
260.0
240.0
250.0
320.0
340.0
400.0
670.0
600.0
340.0
310.0
610.0
240.0
500.0
450.0
500.0
320.0
330.0
270.0
360.0
320.0
290.0
270.0
320.0
280.0
580.0
330.0
240.0
210.0
250.0
340.0
420.0
200.0
280.0
270.0
560.0
380.0
390.0
350.0
220.0
570.0
210.0
270.0
330.0
280.0
500.0
290.0
310.0
1700.0
310.0
250.0
330.0
200.0
260.0
530.0
300.0
300.0
300.0
860.0
380.0
360.0
220.0
500.0
220.0
820.0
280.0
220.0
610.0
180.0
330.0
140.0
240.0
330.0
580.0
170.0
250.0
310.0
300.0
410.0
230.0
400.0
500.0
740.0
520.0
570.0
350.0
190.0
630.0
220.0
190.0
200.0
590.0
160.0
670.0
240.0
870.0
220.0
350.0
350.0
330.0
290.0
470.0
530.0
400.0
410.0
1100.0
210.0
380.0
440.0
890.0
930.0
1090.0
880.0
260.0
360.0
500.0
450.0
510.0
750.0
840.0
410.0
500.0
330.0
1130.0
200.0
440.0
220.0
290.0
280.0
540.0
310.0
400.0
460.0
270.0
210.0
330.0
300.0
320.0
540.0
1010.0
480.0
320.0
300.0
480.0
730.0
580.0
540.0
390.0
290.0
540.0
320.0
560.0
240.0
320.0
500.0
270.0
440.0
260.0
520.0
210.0
540.0
380.0
300.0
310.0
430.0
470.0
260.0
180.0
330.0
270.0
270.0
240.0
200.0
370.0
300.0
280.0
460.0
340.0
340.0
630.0
330.0
360.0
240.0
300.0
310.0
210.0
500.0
440.0
410.0
370.0
260.0
390.0
310.0
440.0
220.0
360.0
270.0
290.0
430.0
290.0
290.0
330.0
370.0
210.0
320.0
370.0
270.0
270.0
270.0
290.0
170.0
340.0
300.0
240.0
250.0
230.0
260.0
260.0
310.0
240.0
250.0
280.0
330.0
280.0
490.0
350.0
430.0
260.0
320.0
280.0
360.0
240.0
280.0
440.0
330.0
250.0
250.0
850.0
320.0
360.0
360.0
300.0
370.0
320.0
290.0
370.0
410.0
360.0
290.0
570.0
680.0
600.0
360.0
280.0
320.0
610.0
520.0
850.0
470.0
430.0
320.0
380.0
230.0
1130.0
290.0
330.0
300.0
470.0
230.0
290.0
230.0
340.0
350.0
480.0
300.0
500.0
550.0
560.0
480.0
270.0
470.0
310.0
300.0
530.0
290.0
850.0
260.0
240.0
350.0
300.0
270.0
300.0
290.0
330.0
260.0
880.0
680.0
1690.0
530.0
450.0
340.0
500.0
260.0
230.0
340.0
320.0
310.0
130.0
270.0
280.0
410.0
520.0
940.0
290.0
380.0
680.0
440.0
350.0
370.0
300.0
250.0
290.0
290.0
300.0
360.0
310.0
440.0
210.0
250.0
220.0
380.0
290.0
340.0
440.0
230.0
300.0
300.0
290.0
220.0
140.0
360.0
810.0
640.0
490.0
700.0
630.0
490.0
340.0
380.0
410.0
1000.0
400.0
330.0
580.0
480.0
630.0
350.0
540.0
360.0
220.0
280.0
400.0
300.0
650.0
220.0
210.0
380.0
260.0
230.0
150.0
290.0
310.0
280.0
950.0
310.0
320.0
380.0
390.0
210.0
210.0
570.0
530.0
480.0
410.0
340.0
340.0
520.0
350.0
360.0
450.0
330.0
580.0
380.0
1050.0
430.0
580.0
820.0
200.0
840.0
390.0
1690.0
280.0
370.0
220.0
240.0
240.0
260.0
150.0
260.0
470.0
300.0
250.0
440.0
290.0
620.0
190.0
460.0
260.0
300.0
210.0
440.0
700.0
250.0
270.0
330.0
280.0
280.0
240.0
400.0
270.0
650.0
230.0
400.0
300.0
400.0
870.0
330.0
300.0
190.0
300.0
470.0
980.0
690.0
340.0
680.0
340.0
380.0
300.0
310.0
250.0
230.0
400.0
270.0
1700.0
350.0
390.0
260.0
560.0
310.0
140.0
310.0
560.0
330.0
240.0
260.0
380.0
440.0
310.0
190.0
360.0
250.0
310.0
240.0
210.0
330.0
250.0
190.0
310.0
310.0
250.0
240.0
430.0
310.0
340.0
290.0
530.0
250.0
470.0
570.0
380.0
370.0
290.0
370.0
240.0
620.0
330.0
440.0
650.0
570.0
920.0
860.0
400.0
380.0
220.0
400.0
310.0
240.0
400.0
370.0
530.0
400.0
310.0
270.0
220.0
240.0
340.0
340.0
240.0
310.0
220.0
280.0
280.0
320.0
240.0
520.0
220.0
230.0
310.0
180.0
260.0
330.0
290.0
250.0
240.0
390.0
210.0
360.0
160.0
190.0
190.0
310.0
160.0
310.0
210.0
210.0
420.0
320.0
220.0
170.0
250.0
190.0
380.0
190.0
260.0
300.0
300.0
360.0
330.0
370.0
530.0
880.0
330.0
500.0
390.0
1130.0
260.0
560.0
530.0
450.0
790.0
470.0
380.0
690.0
430.0
300.0
310.0
270.0
350.0
190.0
400.0
190.0
130.0
190.0
300.0
230.0
370.0
310.0
370.0
170.0
380.0
350.0
220.0
190.0
300.0
210.0
260.0
490.0
210.0
210.0
270.0
570.0
370.0
170.0
290.0
230.0
390.0
270.0
560.0
490.0
350.0
250.0
360.0
270.0
270.0
300.0
1000.0
210.0
340.0
290.0
250.0
320.0
160.0
190.0
210.0
220.0
540.0
340.0
280.0
160.0
240.0
370.0
210.0
510.0
900.0
300.0
450.0
260.0
190.0
230.0
240.0
290.0
280.0
230.0
240.0
230.0
170.0
220.0
260.0
180.0
260.0
310.0
340.0
900.0
280.0
240.0
320.0
270.0
310.0
390.0
380.0
150.0
220.0
890.0
220.0
310.0
330.0
270.0
200.0
390.0
280.0
410.0
390.0
900.0
480.0
480.0
230.0
280.0
440.0
320.0
260.0
130.0
260.0
270.0
210.0
280.0
220.0
330.0
360.0
310.0
610.0
480.0
500.0
550.0
620.0
570.0
320.0
280.0
1830.0
480.0
390.0
350.0
370.0
710.0
340.0
350.0
320.0
460.0
280.0
310.0
360.0
240.0
310.0
570.0
330.0
460.0
260.0
280.0
310.0
880.0
310.0
530.0
310.0
240.0
190.0
220.0
300.0
270.0
230.0
350.0
960.0
250.0
250.0
240.0
340.0
260.0
860.0
290.0
340.0
330.0
330.0
340.0
600.0
360.0
410.0
280.0
240.0
470.0
300.0
300.0
200.0
250.0
370.0
340.0
540.0
290.0
490.0
280.0
260.0
240.0
300.0
320.0
250.0
330.0
190.0
350.0
370.0
1040.0
350.0
220.0
550.0
660.0
630.0
390.0
660.0
290.0
340.0
350.0
290.0
480.0
480.0
580.0
630.0
1200.0
360.0
430.0
330.0
520.0
250.0
330.0
890.0
290.0
260.0
350.0
330.0
310.0
180.0
260.0
250.0
320.0
340.0
270.0
200.0
330.0
270.0
400.0
240.0
190.0
220.0
290.0
330.0
250.0
350.0
240.0
360.0
340.0
340.0
330.0
560.0
870.0
380.0
200.0
590.0
220.0
260.0
240.0
320.0
310.0
340.0
230.0
220.0
430.0
470.0
930.0
270.0
440.0
230.0
260.0
950.0
230.0
550.0
210.0
330.0
360.0
420.0
720.0
260.0
510.0
470.0
340.0
500.0
290.0
440.0
410.0
420.0
330.0
520.0
440.0
230.0
290.0
150.0
230.0
350.0
340.0
1700.0
260.0
350.0
650.0
610.0
300.0
410.0
280.0
970.0
790.0
450.0
310.0
430.0
210.0
590.0
470.0
190.0
500.0
510.0
1120.0
520.0
280.0
250.0
240.0
270.0
330.0
420.0
550.0
640.0
380.0
410.0
350.0
280.0
400.0
400.0
240.0
280.0
220.0
330.0
580.0
280.0
210.0
340.0
310.0
440.0
330.0
180.0
290.0
380.0
350.0
290.0
350.0
680.0
440.0
380.0
220.0
230.0
420.0
300.0
250.0
320.0
610.0
390.0
310.0
300.0
250.0
240.0
250.0
230.0
260.0
320.0
280.0
300.0
250.0
340.0
220.0
310.0
110.0
270.0
250.0
240.0
260.0
240.0
270.0
230.0
240.0
260.0
280.0
260.0
380.0
470.0
220.0
260.0
280.0
260.0
370.0
320.0
300.0
240.0
250.0
250.0
290.0
330.0
410.0
390.0
540.0
200.0
220.0
200.0
410.0
310.0
550.0
270.0
470.0
520.0
290.0
540.0
240.0
1660.0
240.0
220.0
300.0
310.0
970.0
180.0
230.0
400.0
210.0
270.0
480.0
300.0
290.0
220.0
270.0
400.0
300.0
150.0
260.0
340.0
340.0
330.0
1730.0
920.0
220.0
440.0
280.0
700.0
510.0
1100.0
910.0
430.0
550.0
250.0
520.0
310.0
330.0
300.0
230.0
620.0
280.0
390.0
260.0
480.0
470.0
460.0
320.0
310.0
1670.0
480.0
320.0
370.0
590.0
360.0
240.0
950.0
550.0
290.0
310.0
450.0
380.0
400.0
300.0
260.0
420.0
310.0
160.0
320.0
570.0
480.0
480.0
330.0
390.0
310.0
330.0
260.0
380.0
240.0
280.0
190.0
290.0
540.0
270.0
200.0
260.0
180.0
240.0
290.0
190.0
160.0
300.0
210.0
270.0
550.0
680.0
240.0
290.0
410.0
460.0
220.0
350.0
240.0
320.0
260.0
210.0
260.0
290.0
150.0
560.0
320.0
630.0
280.0
550.0
300.0
530.0
460.0
410.0
400.0
420.0
480.0
190.0
330.0
370.0
430.0
300.0
420.0
710.0
340.0
530.0
300.0
570.0
280.0
270.0
330.0
480.0
510.0
290.0
230.0
510.0
310.0
340.0
520.0
240.0
210.0
370.0
300.0
250.0
120.0
190.0
500.0
210.0
280.0
290.0
300.0
500.0
910.0
340.0
290.0
320.0
240.0
540.0
770.0
360.0
480.0
450.0
400.0
380.0
460.0
290.0
240.0
110.0
300.0
280.0
450.0
280.0
200.0
340.0
250.0
200.0
230.0
240.0
180.0
440.0
720.0
580.0
210.0
220.0
180.0
220.0
280.0
180.0
710.0
190.0
480.0
180.0
430.0
370.0
430.0
400.0
730.0
310.0
920.0
660.0
540.0
380.0
440.0
270.0
360.0
290.0
450.0
260.0
230.0
450.0
330.0
260.0
320.0
200.0
250.0
210.0
260.0
340.0
260.0
400.0
270.0
250.0
370.0
1030.0
230.0
320.0
160.0
220.0
370.0
270.0
250.0
360.0
460.0
280.0
260.0
380.0
260.0
270.0
470.0
240.0
340.0
170.0
180.0
340.0
310.0
330.0
870.0
510.0
350.0
460.0
660.0
530.0
460.0
190.0
680.0
900.0
350.0
540.0
550.0
480.0
320.0
270.0
240.0
250.0
360.0
1160.0
180.0
260.0
340.0
480.0
230.0
240.0
240.0
410.0
250.0
250.0
300.0
370.0
160.0
320.0
400.0
240.0
1070.0
190.0
520.0
530.0
360.0
600.0
290.0
490.0
570.0
430.0
310.0
280.0
450.0
1070.0
250.0
430.0
840.0
890.0
490.0
250.0
380.0
530.0
210.0
350.0
640.0
370.0
730.0
430.0
260.0
350.0
410.0
470.0
250.0
500.0
390.0
370.0
310.0
400.0
350.0
420.0
470.0
500.0
490.0
700.0
400.0
1160.0
250.0
260.0
360.0
300.0
370.0
300.0
690.0
530.0
380.0
480.0
600.0
820.0
480.0
640.0
440.0
690.0
380.0
460.0
200.0
440.0
630.0
530.0
320.0
420.0
640.0
360.0
510.0
580.0
700.0
410.0
260.0
340.0
360.0
190.0
310.0
200.0
1090.0
460.0
510.0
240.0
270.0
280.0
340.0
330.0
280.0
580.0
270.0
390.0
340.0
440.0
330.0
190.0
260.0
450.0
490.0
220.0
520.0
950.0
460.0
490.0
360.0
200.0
320.0
270.0
300.0
540.0
250.0
240.0
270.0
380.0
220.0
270.0
270.0
130.0
260.0
220.0
380.0
270.0
270.0
320.0
320.0
280.0
310.0
430.0
350.0
630.0
280.0
300.0
280.0
600.0
470.0
260.0
350.0
290.0
310.0
330.0
180.0
230.0
240.0
270.0
410.0
220.0
300.0
250.0
270.0
280.0
290.0
150.0
300.0
230.0
200.0
320.0
310.0
850.0
200.0
1730.0
320.0
380.0
520.0
510.0
330.0
220.0
330.0
350.0
210.0
300.0
410.0
540.0
340.0
280.0
470.0
330.0
180.0
190.0
190.0
460.0
290.0
380.0
230.0
250.0
370.0
880.0
260.0
220.0
320.0
340.0
200.0
180.0
910.0
500.0
340.0
580.0
470.0
250.0
290.0
300.0
480.0
330.0
660.0
230.0
200.0
200.0
890.0
250.0
200.0
210.0
260.0
450.0
160.0
390.0
320.0
250.0
250.0
240.0
980.0
280.0
190.0
220.0
280.0
220.0
220.0
210.0
320.0
280.0
250.0
340.0
270.0
430.0
1030.0
320.0
490.0
470.0
320.0
290.0
550.0
390.0
300.0
570.0
410.0
400.0
330.0
1040.0
460.0
420.0
580.0
460.0
600.0
370.0
500.0
330.0
570.0
530.0
340.0
260.0
570.0
280.0
580.0
560.0
590.0
230.0
1040.0
420.0
420.0
260.0
320.0
240.0
830.0
350.0
470.0
310.0
360.0
530.0
370.0
650.0
240.0
280.0
330.0
200.0
180.0
250.0
260.0
370.0
280.0
450.0
240.0
260.0
400.0
270.0
730.0
400.0
360.0
200.0
470.0
200.0
430.0
270.0
460.0
250.0
360.0
310.0
220.0
480.0
650.0
930.0
1710.0
660.0
450.0
500.0
350.0
290.0
290.0
170.0
320.0
260.0
290.0
260.0
270.0
230.0
310.0
230.0
600.0
230.0
280.0
160.0
580.0
200.0
350.0
330.0
510.0
270.0
260.0
500.0
220.0
480.0
300.0
470.0
300.0
220.0
330.0
340.0
390.0
200.0
280.0
260.0
340.0
350.0
250.0
200.0
350.0
270.0
270.0
300.0
270.0
240.0
350.0
340.0
340.0
240.0
330.0
380.0
330.0
200.0
390.0
290.0
380.0
300.0
210.0
180.0
450.0
210.0
310.0
220.0
310.0
190.0
410.0
280.0
210.0
360.0
310.0
410.0
610.0
530.0
460.0
380.0
600.0
290.0
460.0
310.0
540.0
610.0
980.0
500.0
570.0
210.0
270.0
650.0
210.0
550.0
520.0
260.0
370.0
280.0
360.0
240.0
460.0
280.0
1020.0
310.0
300.0
290.0
290.0
400.0
220.0
200.0
880.0
240.0
250.0
280.0
400.0
360.0
440.0
380.0
230.0
280.0
200.0
380.0
410.0
500.0
310.0
230.0
350.0
250.0
290.0
550.0
370.0
230.0
230.0
370.0
270.0
240.0
1740.0
330.0
210.0
660.0
890.0
360.0
280.0
250.0
270.0
250.0
370.0
380.0
990.0
320.0
410.0
340.0
210.0
360.0
280.0
390.0
460.0
510.0
690.0
480.0
910.0
510.0
720.0
220.0
290.0
300.0
640.0
630.0
420.0
500.0
300.0
370.0
420.0
370.0
480.0
300.0
350.0
250.0
910.0
310.0
470.0
230.0
480.0
170.0
280.0
280.0
260.0
200.0
210.0
280.0
370.0
270.0
240.0
450.0
460.0
300.0
420.0
330.0
330.0
210.0
580.0
460.0
270.0
670.0
630.0
200.0
360.0
340.0
320.0
490.0
210.0
150.0
250.0
250.0
280.0
390.0
180.0
290.0
290.0
560.0
800.0
290.0
630.0
1020.0
360.0
340.0
560.0
360.0
250.0
290.0
220.0
480.0
600.0
390.0
950.0
580.0
300.0
270.0
280.0
900.0
510.0
220.0
350.0
310.0
330.0
620.0
640.0
320.0
580.0
310.0
480.0
430.0
560.0
290.0
370.0
340.0
260.0
200.0
250.0
260.0
310.0
180.0
480.0
260.0
330.0
160.0
410.0
360.0
280.0
300.0
200.0
270.0
260.0
340.0
330.0
330.0
240.0
890.0
350.0
330.0
350.0
450.0
360.0
560.0
300.0
260.0
530.0
520.0
420.0
260.0
320.0
460.0
280.0
330.0
480.0
360.0
850.0
330.0
330.0
460.0
640.0
250.0
330.0
320.0
510.0
310.0
250.0
360.0
330.0
560.0
400.0
290.0
350.0
1050.0
390.0
350.0
220.0
300.0
380.0
240.0
360.0
360.0
440.0
370.0
550.0
280.0
380.0
590.0
450.0
510.0
230.0
280.0
310.0
140.0
420.0
510.0
330.0
960.0
240.0
330.0
560.0
340.0
250.0
270.0
290.0
310.0
280.0
350.0
340.0
690.0
300.0
280.0
570.0
490.0
370.0
330.0
220.0
450.0
280.0
260.0
250.0
320.0
420.0
210.0
400.0
460.0
530.0
380.0
540.0
390.0
480.0
300.0
620.0
340.0
610.0
410.0
250.0
330.0
920.0
270.0
260.0
940.0
350.0
330.0
280.0
290.0
280.0
230.0
220.0
510.0
490.0
410.0
300.0
480.0
440.0
580.0
530.0
390.0
240.0
700.0
560.0
310.0
340.0
500.0
590.0
380.0
530.0
320.0
520.0
590.0
260.0
340.0
610.0
420.0
440.0
590.0
480.0
850.0
680.0
580.0
630.0
1010.0
360.0
460.0
1730.0
350.0
790.0
400.0
360.0
350.0
370.0
270.0
260.0
410.0
340.0
320.0
430.0
