180.0
300.0
210.0
170.0
170.0
110.0
160.0
160.0
130.0
240.0
210.0
230.0
50.0
130.0
110.0
170.0
150.0
220.0
320.0
40.0
160.0
160.0
410.0
200.0
140.0
240.0
400.0
210.0
310.0
390.0
170.0
170.0
220.0
280.0
260.0
410.0
220.0
200.0
360.0
270.0
280.0
370.0
230.0
280.0
250.0
50.0
410.0
310.0
180.0
200.0
220.0
230.0
240.0
190.0
170.0
320.0
350.0
100.0
180.0
300.0
200.0
240.0
270.0
270.0
220.0
220.0
350.0
210.0
150.0
160.0
270.0
150.0
440.0
210.0
230.0
220.0
160.0
350.0
400.0
280.0
230.0
320.0
340.0
260.0
320.0
260.0
410.0
390.0
190.0
370.0
300.0
330.0
260.0
290.0
320.0
230.0
310.0
320.0
210.0
310.0
250.0
260.0
290.0
290.0
270.0
110.0
270.0
320.0
280.0
280.0
240.0
190.0
160.0
260.0
130.0
140.0
200.0
150.0
170.0
250.0
170.0
290.0
190.0
260.0
170.0
260.0
200.0
260.0
110.0
280.0
260.0
190.0
290.0
730.0
290.0
80.0
790.0
220.0
410.0
130.0
790.0
380.0
310.0
320.0
230.0
220.0
190.0
230.0
240.0
150.0
210.0
140.0
130.0
290.0
190.0
730.0
320.0
240.0
290.0
240.0
180.0
720.0
300.0
300.0
240.0
280.0
80.0
280.0
260.0
710.0
370.0
90.0
270.0
260.0
210.0
140.0
270.0
350.0
40.0
360.0
30.0
310.0
270.0
120.0
750.0
200.0
340.0
320.0
110.0
360.0
170.0
330.0
970.0
160.0
370.0
70.0
280.0
270.0
320.0
320.0
280.0
370.0
380.0
180.0
450.0
330.0
380.0
380.0
400.0
360.0
260.0
420.0
220.0
340.0
480.0
190.0
380.0
310.0
280.0
310.0
420.0
150.0
300.0
440.0
380.0
290.0
240.0
330.0
310.0
350.0
350.0
520.0
370.0
340.0
340.0
260.0
230.0
330.0
700.0
280.0
420.0
290.0
250.0
200.0
130.0
270.0
240.0
220.0
200.0
250.0
410.0
750.0
320.0
210.0
260.0
210.0
370.0
250.0
300.0
740.0
250.0
670.0
210.0
180.0
270.0
350.0
330.0
240.0
190.0
300.0
380.0
320.0
720.0
260.0
360.0
350.0
260.0
860.0
820.0
260.0
430.0
290.0
170.0
180.0
250.0
170.0
320.0
430.0
240.0
230.0
390.0
910.0
140.0
360.0
290.0
280.0
280.0
390.0
170.0
480.0
240.0
420.0
270.0
900.0
260.0
160.0
380.0
340.0
390.0
240.0
420.0
320.0
440.0
350.0
330.0
250.0
970.0
290.0
390.0
500.0
800.0
260.0
380.0
380.0
350.0
310.0
290.0
90.0
330.0
410.0
350.0
200.0
270.0
260.0
320.0
230.0
280.0
920.0
290.0
390.0
410.0
240.0
420.0
370.0
380.0
750.0
490.0
320.0
350.0
330.0
420.0
520.0
200.0
430.0
440.0
270.0
390.0
210.0
330.0
400.0
440.0
370.0
420.0
280.0
460.0
310.0
310.0
250.0
420.0
390.0
420.0
420.0
240.0
400.0
930.0
540.0
510.0
470.0
260.0
390.0
430.0
360.0
300.0
800.0
340.0
310.0
290.0
390.0
270.0
330.0
330.0
270.0
420.0
370.0
230.0
960.0
280.0
450.0
310.0
870.0
940.0
420.0
470.0
400.0
420.0
470.0
200.0
530.0
300.0
260.0
460.0
300.0
380.0
220.0
320.0
440.0
370.0
190.0
300.0
220.0
250.0
350.0
410.0
150.0
380.0
320.0
380.0
350.0
380.0
280.0
980.0
370.0
360.0
920.0
150.0
510.0
430.0
270.0
410.0
420.0
360.0
380.0
350.0
80.0
440.0
430.0
290.0
270.0
270.0
450.0
290.0
430.0
320.0
530.0
800.0
120.0
340.0
990.0
210.0
310.0
870.0
240.0
260.0
330.0
540.0
450.0
170.0
370.0
940.0
270.0
900.0
310.0
300.0
230.0
370.0
140.0
300.0
290.0
360.0
300.0
310.0
250.0
240.0
250.0
270.0
360.0
150.0
320.0
160.0
220.0
420.0
160.0
440.0
250.0
350.0
420.0
220.0
410.0
420.0
410.0
250.0
560.0
420.0
530.0
400.0
430.0
580.0
410.0
520.0
110.0
390.0
480.0
470.0
410.0
260.0
470.0
550.0
390.0
350.0
420.0
350.0
360.0
320.0
510.0
320.0
500.0
420.0
370.0
400.0
510.0
320.0
260.0
980.0
500.0
380.0
450.0
460.0
280.0
510.0
380.0
360.0
340.0
310.0
400.0
450.0
280.0
460.0
710.0
440.0
330.0
310.0
220.0
460.0
410.0
240.0
290.0
950.0
140.0
320.0
430.0
170.0
390.0
830.0
130.0
300.0
300.0
470.0
320.0
350.0
390.0
160.0
140.0
20.0
280.0
230.0
70.0
330.0
360.0
190.0
340.0
200.0
430.0
260.0
180.0
350.0
230.0
260.0
240.0
360.0
320.0
320.0
880.0
540.0
310.0
390.0
240.0
380.0
200.0
350.0
360.0
340.0
330.0
330.0
190.0
420.0
790.0
310.0
290.0
260.0
440.0
310.0
200.0
520.0
310.0
490.0
380.0
390.0
330.0
500.0
500.0
210.0
450.0
300.0
380.0
360.0
360.0
410.0
520.0
390.0
650.0
590.0
480.0
420.0
430.0
240.0
530.0
610.0
430.0
350.0
500.0
600.0
570.0
490.0
1020.0
920.0
340.0
480.0
440.0
820.0
570.0
390.0
270.0
290.0
290.0
360.0
330.0
350.0
320.0
270.0
220.0
300.0
320.0
260.0
340.0
220.0
130.0
390.0
290.0
350.0
360.0
360.0
390.0
360.0
490.0
130.0
430.0
440.0
210.0
280.0
310.0
290.0
470.0
370.0
420.0
420.0
350.0
490.0
460.0
520.0
410.0
420.0
630.0
280.0
350.0
410.0
410.0
360.0
240.0
480.0
400.0
400.0
440.0
300.0
450.0
280.0
30.0
390.0
320.0
350.0
430.0
410.0
440.0
540.0
380.0
360.0
310.0
460.0
450.0
500.0
240.0
450.0
460.0
500.0
350.0
430.0
330.0
550.0
450.0
550.0
450.0
580.0
560.0
550.0
410.0
500.0
530.0
470.0
530.0
330.0
490.0
370.0
290.0
210.0
900.0
400.0
460.0
360.0
340.0
520.0
160.0
480.0
440.0
770.0
240.0
200.0
310.0
330.0
180.0
240.0
340.0
240.0
330.0
240.0
270.0
290.0
290.0
210.0
250.0
240.0
320.0
230.0
330.0
360.0
330.0
860.0
210.0
360.0
390.0
410.0
930.0
330.0
380.0
460.0
950.0
240.0
320.0
320.0
370.0
300.0
250.0
360.0
280.0
330.0
300.0
360.0
290.0
270.0
360.0
350.0
200.0
340.0
820.0
310.0
130.0
490.0
390.0
470.0
1010.0
250.0
1070.0
400.0
470.0
330.0
440.0
370.0
990.0
340.0
260.0
450.0
270.0
160.0
220.0
230.0
350.0
320.0
420.0
360.0
820.0
410.0
470.0
250.0
390.0
470.0
420.0
220.0
270.0
830.0
310.0
760.0
410.0
350.0
400.0
840.0
310.0
320.0
230.0
250.0
400.0
350.0
380.0
450.0
310.0
240.0
290.0
280.0
420.0
170.0
360.0
340.0
390.0
270.0
450.0
230.0
330.0
420.0
360.0
360.0
370.0
170.0
440.0
290.0
880.0
480.0
180.0
330.0
280.0
250.0
210.0
280.0
220.0
300.0
360.0
260.0
440.0
330.0
390.0
270.0
250.0
820.0
230.0
330.0
350.0
350.0
370.0
360.0
340.0
960.0
250.0
380.0
360.0
180.0
290.0
390.0
310.0
460.0
340.0
400.0
300.0
360.0
130.0
370.0
270.0
330.0
210.0
230.0
340.0
310.0
360.0
320.0
360.0
440.0
410.0
440.0
810.0
340.0
520.0
380.0
240.0
290.0
910.0
360.0
300.0
620.0
350.0
900.0
370.0
500.0
420.0
230.0
370.0
180.0
300.0
380.0
330.0
870.0
330.0
190.0
440.0
250.0
1290.0
220.0
340.0
360.0
230.0
340.0
780.0
210.0
370.0
220.0
270.0
200.0
230.0
260.0
260.0
340.0
210.0
360.0
310.0
50.0
330.0
310.0
220.0
310.0
370.0
280.0
280.0
110.0
290.0
260.0
380.0
370.0
280.0
380.0
360.0
120.0
350.0
390.0
260.0
320.0
390.0
380.0
280.0
300.0
300.0
260.0
320.0
220.0
260.0
340.0
400.0
400.0
330.0
360.0
390.0
320.0
230.0
430.0
350.0
320.0
330.0
330.0
280.0
300.0
240.0
430.0
360.0
370.0
190.0
250.0
350.0
420.0
240.0
270.0
460.0
340.0
420.0
140.0
310.0
350.0
200.0
350.0
270.0
710.0
390.0
380.0
240.0
390.0
380.0
320.0
410.0
190.0
260.0
350.0
240.0
260.0
220.0
320.0
480.0
280.0
250.0
320.0
340.0
730.0
490.0
390.0
430.0
390.0
400.0
250.0
350.0
410.0
260.0
390.0
410.0
820.0
300.0
240.0
340.0
840.0
870.0
450.0
400.0
460.0
400.0
440.0
310.0
420.0
350.0
340.0
290.0
310.0
840.0
320.0
280.0
400.0
420.0
90.0
430.0
160.0
900.0
480.0
220.0
440.0
260.0
370.0
340.0
240.0
230.0
910.0
370.0
420.0
900.0
890.0
320.0
300.0
450.0
720.0
480.0
460.0
200.0
420.0
980.0
330.0
460.0
340.0
240.0
330.0
190.0
380.0
260.0
370.0
340.0
440.0
590.0
290.0
340.0
270.0
290.0
320.0
340.0
360.0
230.0
280.0
830.0
200.0
300.0
140.0
270.0
240.0
330.0
440.0
260.0
270.0
180.0
360.0
440.0
200.0
300.0
250.0
340.0
260.0
390.0
300.0
260.0
460.0
760.0
200.0
350.0
280.0
880.0
100.0
400.0
980.0
400.0
420.0
390.0
280.0
330.0
360.0
320.0
420.0
240.0
310.0
400.0
360.0
310.0
450.0
200.0
130.0
290.0
410.0
770.0
420.0
300.0
250.0
840.0
510.0
760.0
250.0
380.0
360.0
410.0
220.0
370.0
230.0
280.0
150.0
310.0
230.0
140.0
360.0
310.0
400.0
450.0
320.0
330.0
180.0
220.0
390.0
740.0
360.0
190.0
170.0
380.0
310.0
420.0
310.0
360.0
340.0
330.0
350.0
120.0
260.0
250.0
410.0
380.0
450.0
290.0
340.0
320.0
400.0
450.0
290.0
390.0
440.0
470.0
400.0
520.0
360.0
400.0
620.0
280.0
430.0
490.0
570.0
100.0
510.0
390.0
480.0
270.0
310.0
450.0
290.0
360.0
430.0
480.0
740.0
350.0
460.0
430.0
170.0
300.0
500.0
520.0
390.0
180.0
370.0
960.0
320.0
510.0
450.0
300.0
930.0
520.0
1030.0
400.0
470.0
370.0
490.0
410.0
250.0
520.0
380.0
640.0
500.0
360.0
390.0
930.0
530.0
370.0
280.0
480.0
140.0
400.0
100.0
360.0
230.0
150.0
270.0
240.0
300.0
1380.0
360.0
290.0
270.0
360.0
1400.0
320.0
220.0
430.0
320.0
330.0
450.0
320.0
390.0
250.0
300.0
300.0
330.0
420.0
760.0
490.0
310.0
440.0
140.0
320.0
430.0
380.0
210.0
340.0
500.0
550.0
110.0
190.0
380.0
230.0
450.0
310.0
770.0
450.0
200.0
290.0
460.0
810.0
390.0
1000.0
200.0
470.0
310.0
210.0
310.0
390.0
240.0
350.0
400.0
460.0
280.0
420.0
930.0
210.0
380.0
400.0
460.0
270.0
410.0
380.0
830.0
970.0
510.0
390.0
450.0
870.0
210.0
260.0
240.0
200.0
410.0
200.0
130.0
950.0
300.0
260.0
350.0
330.0
270.0
400.0
270.0
200.0
380.0
400.0
370.0
210.0
350.0
310.0
420.0
830.0
850.0
310.0
420.0
280.0
310.0
430.0
540.0
490.0
270.0
340.0
1030.0
500.0
390.0
540.0
350.0
350.0
380.0
340.0
460.0
420.0
340.0
760.0
980.0
970.0
140.0
850.0
660.0
830.0
430.0
190.0
830.0
370.0
890.0
870.0
960.0
200.0
890.0
110.0
220.0
230.0
250.0
820.0
250.0
130.0
270.0
290.0
260.0
360.0
350.0
840.0
160.0
300.0
370.0
230.0
150.0
230.0
240.0
190.0
340.0
170.0
780.0
390.0
730.0
220.0
380.0
300.0
300.0
310.0
450.0
210.0
340.0
170.0
280.0
270.0
340.0
300.0
960.0
220.0
290.0
340.0
320.0
320.0
830.0
590.0
190.0
400.0
410.0
460.0
300.0
430.0
300.0
450.0
780.0
970.0
150.0
420.0
370.0
270.0
390.0
300.0
470.0
250.0
270.0
380.0
320.0
410.0
920.0
480.0
410.0
180.0
910.0
250.0
260.0
1420.0
290.0
900.0
1060.0
480.0
1070.0
360.0
400.0
390.0
380.0
810.0
810.0
230.0
850.0
920.0
170.0
450.0
170.0
350.0
200.0
920.0
370.0
400.0
330.0
450.0
290.0
430.0
810.0
120.0
270.0
350.0
450.0
250.0
830.0
190.0
310.0
240.0
290.0
240.0
370.0
150.0
850.0
230.0
1020.0
200.0
450.0
270.0
350.0
950.0
260.0
120.0
460.0
80.0
340.0
490.0
300.0
930.0
640.0
380.0
430.0
740.0
310.0
330.0
400.0
390.0
430.0
760.0
390.0
300.0
300.0
300.0
1150.0
240.0
420.0
890.0
420.0
430.0
1000.0
350.0
250.0
460.0
460.0
490.0
200.0
410.0
340.0
510.0
400.0
440.0
300.0
1000.0
940.0
950.0
390.0
650.0
400.0
120.0
2000.0
220.0
400.0
360.0
130.0
300.0
360.0
450.0
290.0
100.0
220.0
260.0
460.0
390.0
350.0
340.0
440.0
390.0
230.0
780.0
250.0
190.0
860.0
340.0
440.0
240.0
240.0
280.0
270.0
220.0
330.0
130.0
440.0
330.0
150.0
470.0
890.0
180.0
340.0
330.0
210.0
410.0
170.0
480.0
420.0
200.0
360.0
320.0
270.0
360.0
300.0
380.0
380.0
960.0
330.0
470.0
220.0
850.0
190.0
400.0
490.0
340.0
450.0
990.0
900.0
530.0
220.0
470.0
560.0
250.0
350.0
220.0
320.0
470.0
280.0
200.0
330.0
200.0
390.0
260.0
740.0
300.0
300.0
850.0
400.0
180.0
420.0
380.0
940.0
280.0
1010.0
310.0
860.0
530.0
140.0
440.0
450.0
480.0
910.0
190.0
360.0
960.0
410.0
960.0
230.0
810.0
330.0
410.0
270.0
930.0
260.0
490.0
160.0
300.0
350.0
930.0
740.0
240.0
600.0
270.0
460.0
130.0
170.0
190.0
210.0
260.0
350.0
220.0
300.0
170.0
320.0
240.0
270.0
280.0
200.0
340.0
920.0
190.0
230.0
290.0
330.0
880.0
120.0
910.0
990.0
850.0
400.0
730.0
200.0
390.0
770.0
450.0
890.0
160.0
400.0
420.0
370.0
360.0
380.0
290.0
270.0
330.0
160.0
120.0
170.0
280.0
400.0
210.0
190.0
900.0
160.0
240.0
190.0
210.0
180.0
280.0
110.0
190.0
260.0
150.0
320.0
270.0
230.0
180.0
330.0
280.0
170.0
240.0
270.0
280.0
230.0
410.0
350.0
310.0
280.0
360.0
280.0
200.0
960.0
270.0
110.0
340.0
290.0
980.0
400.0
800.0
830.0
340.0
320.0
940.0
510.0
80.0
510.0
130.0
840.0
260.0
770.0
850.0
180.0
930.0
920.0
420.0
340.0
340.0
400.0
190.0
430.0
400.0
280.0
300.0
260.0
280.0
150.0
250.0
210.0
190.0
180.0
230.0
130.0
210.0
170.0
170.0
210.0
290.0
210.0
260.0
280.0
290.0
690.0
270.0
290.0
250.0
120.0
250.0
700.0
230.0
190.0
180.0
280.0
200.0
190.0
290.0
320.0
190.0
190.0
130.0
220.0
230.0
220.0
220.0
190.0
310.0
370.0
290.0
300.0
280.0
760.0
380.0
290.0
300.0
320.0
340.0
360.0
270.0
310.0
140.0
310.0
520.0
460.0
350.0
160.0
400.0
460.0
870.0
330.0
250.0
1030.0
470.0
230.0
290.0
370.0
350.0
560.0
930.0
740.0
400.0
130.0
350.0
210.0
310.0
370.0
310.0
230.0
340.0
870.0
1880.0
220.0
430.0
210.0
280.0
380.0
580.0
260.0
310.0
190.0
420.0
180.0
330.0
410.0
790.0
300.0
310.0
310.0
180.0
390.0
680.0
430.0
240.0
380.0
270.0
330.0
500.0
290.0
820.0
160.0
380.0
470.0
340.0
440.0
470.0
150.0
370.0
390.0
320.0
260.0
480.0
220.0
480.0
290.0
870.0
220.0
480.0
240.0
400.0
300.0
300.0
510.0
140.0
420.0
440.0
320.0
430.0
330.0
400.0
410.0
280.0
890.0
200.0
450.0
470.0
120.0
910.0
270.0
440.0
950.0
190.0
250.0
300.0
360.0
280.0
460.0
500.0
140.0
240.0
1030.0
310.0
360.0
510.0
90.0
350.0
390.0
210.0
540.0
70.0
930.0
100.0
870.0
510.0
190.0
310.0
940.0
300.0
1420.0
1300.0
660.0
200.0
410.0
420.0
460.0
310.0
400.0
330.0
240.0
910.0
480.0
310.0
480.0
310.0
360.0
710.0
290.0
140.0
330.0
1040.0
250.0
430.0
140.0
310.0
480.0
280.0
330.0
220.0
200.0
200.0
320.0
230.0
370.0
340.0
180.0
200.0
170.0
50.0
430.0
200.0
370.0
270.0
430.0
370.0
800.0
290.0
330.0
200.0
840.0
660.0
410.0
450.0
90.0
340.0
420.0
220.0
950.0
870.0
190.0
1380.0
360.0
240.0
350.0
440.0
380.0
230.0
340.0
260.0
410.0
290.0
360.0
350.0
450.0
430.0
290.0
400.0
440.0
250.0
200.0
370.0
240.0
870.0
430.0
390.0
250.0
420.0
290.0
380.0
170.0
390.0
90.0
350.0
320.0
220.0
190.0
180.0
430.0
200.0
170.0
130.0
150.0
710.0
290.0
270.0
250.0
180.0
370.0
320.0
460.0
230.0
350.0
390.0
350.0
1000.0
390.0
80.0
140.0
350.0
160.0
290.0
450.0
320.0
450.0
220.0
390.0
390.0
640.0
330.0
200.0
640.0
300.0
390.0
360.0
370.0
360.0
310.0
690.0
330.0
670.0
120.0
470.0
330.0
460.0
280.0
230.0
260.0
170.0
270.0
280.0
190.0
380.0
400.0
840.0
220.0
230.0
330.0
410.0
610.0
260.0
220.0
190.0
210.0
140.0
250.0
260.0
1040.0
270.0
150.0
370.0
210.0
270.0
380.0
300.0
180.0
420.0
330.0
570.0
240.0
430.0
190.0
880.0
260.0
420.0
480.0
520.0
330.0
370.0
400.0
300.0
200.0
790.0
130.0
470.0
310.0
260.0
260.0
330.0
300.0
320.0
310.0
450.0
1880.0
510.0
920.0
90.0
440.0
500.0
250.0
460.0
890.0
370.0
1820.0
960.0
200.0
470.0
330.0
230.0
350.0
300.0
890.0
300.0
240.0
260.0
120.0
290.0
360.0
190.0
280.0
210.0
130.0
220.0
290.0
220.0
240.0
440.0
390.0
250.0
470.0
900.0
540.0
1000.0
310.0
250.0
1880.0
160.0
500.0
380.0
360.0
200.0
750.0
310.0
190.0
300.0
400.0
460.0
670.0
250.0
290.0
310.0
830.0
420.0
260.0
190.0
160.0
160.0
970.0
230.0
310.0
300.0
500.0
760.0
250.0
800.0
380.0
140.0
470.0
250.0
410.0
300.0
340.0
370.0
270.0
830.0
910.0
