0.0
220.0
260.0
540.0
140.0
160.0
120.0
40.0
1080.0
200.0
120.0
500.0
660.0
320.0
140.0
240.0
200.0
140.0
180.0
60.0
40.0
40.0
280.0
240.0
540.0
260.0
600.0
200.0
260.0
400.0
200.0
420.0
260.0
460.0
140.0
480.0
280.0
200.0
140.0
200.0
320.0
400.0
280.0
180.0
180.0
340.0
180.0
120.0
340.0
400.0
200.0
300.0
680.0
140.0
260.0
200.0
280.0
380.0
200.0
320.0
260.0
240.0
140.0
280.0
200.0
400.0
440.0
300.0
380.0
340.0
140.0
420.0
500.0
160.0
580.0
400.0
120.0
540.0
620.0
360.0
140.0
180.0
280.0
120.0
440.0
440.0
280.0
240.0
540.0
320.0
260.0
320.0
220.0
400.0
560.0
260.0
460.0
500.0
260.0
200.0
200.0
260.0
