0.0
1550.0
1300.0
450.0
1600.0
1050.0
2500.0
2900.0
700.0
400.0
1350.0
1000.0
300.0
1900.0
600.0
850.0
450.0
450.0
400.0
300.0
3350.0
1300.0
150.0
2700.0
450.0
2000.0
450.0
600.0
450.0
700.0
600.0
450.0
600.0
600.0
1900.0
2500.0
1300.0
1150.0
0.0
2800.0
1400.0
3150.0
900.0
550.0
1400.0
950.0
2450.0
1750.0
1550.0
600.0
600.0
550.0
2400.0
3150.0
600.0
550.0
550.0
550.0
1400.0
900.0
1700.0
1400.0
950.0
2850.0
1950.0
1150.0
1550.0
700.0
400.0
700.0
850.0
450.0
450.0
800.0
2850.0
1900.0
2900.0
2400.0
650.0
1400.0
2650.0
3650.0
3350.0
450.0
3150.0
2700.0
400.0
1250.0
2850.0
1900.0
1000.0
1750.0
150.0
3300.0
750.0
300.0
2250.0
550.0
1750.0
2600.0
1600.0
1700.0
