0.0
189.0
210.0
231.0
252.0
189.0
231.0
336.0
210.0
336.0
294.0
378.0
189.0
252.0
231.0
210.0
210.0
210.0
210.0
315.0
252.0
273.0
252.0
252.0
189.0
210.0
189.0
231.0
273.0
168.0
189.0
252.0
273.0
273.0
231.0
231.0
210.0
252.0
210.0
189.0
189.0
189.0
189.0
252.0
189.0
210.0
126.0
210.0
210.0
105.0
231.0
210.0
189.0
210.0
189.0
315.0
189.0
231.0
252.0
315.0
189.0
252.0
294.0
273.0
399.0
210.0
273.0
189.0
189.0
252.0
210.0
294.0
231.0
294.0
210.0
189.0
63.0
294.0
210.0
147.0
189.0
252.0
336.0
231.0
252.0
210.0
210.0
231.0
252.0
357.0
189.0
273.0
315.0
294.0
378.0
315.0
252.0
336.0
252.0
252.0
357.0
294.0
